458.672 658.672 680.711 682.175 682.248 682.251 682.251 682.251 682.251 682.251 682.251 682.251 682.251 682.251 682.251 682.251 682.251 682.251 682.251 682.251 682.251 682.251 682.251 682.251 682.251 682.251 682.251 682.251 682.251 682.251 682.251 682.251 682.251 682.251 682.251 682.251 682.251 682.251 682.251 682.251 682.251 682.251 682.251 682.251 682.251 682.248 682.175 680.711 658.672 458.672 
625.228 825.228 847.268 848.732 848.804 848.807 848.807 848.807 848.807 848.807 848.807 848.807 848.807 848.807 848.807 848.807 848.807 848.807 848.807 848.807 848.807 848.807 848.807 848.807 848.807 848.807 848.807 848.807 848.807 848.807 848.807 848.807 848.807 848.807 848.807 848.807 848.807 848.807 848.807 848.807 848.807 848.807 848.807 848.807 848.807 848.804 848.732 847.268 825.228 625.228 
650.156 850.156 872.196 873.66 873.733 873.736 873.736 873.736 873.736 873.736 873.736 873.736 873.736 873.736 873.736 873.736 873.736 873.736 873.736 873.736 873.736 873.736 873.736 873.736 873.736 873.736 873.736 873.736 873.736 873.736 873.736 873.736 873.736 873.736 873.736 873.736 873.736 873.736 873.736 873.736 873.736 873.736 873.736 873.736 873.736 873.733 873.66 872.196 850.156 650.156 
652.477 852.477 874.517 875.981 876.054 876.057 876.057 876.057 876.057 876.057 876.057 876.057 876.057 876.057 876.057 876.057 876.057 876.057 876.057 876.057 876.057 876.057 876.057 876.057 876.057 876.057 876.057 876.057 876.057 876.057 876.057 876.057 876.057 876.057 876.057 876.057 876.057 876.057 876.057 876.057 876.057 876.057 876.057 876.057 876.057 876.054 875.981 874.517 852.477 652.477 
652.64 852.64 874.68 876.144 876.217 876.219 876.22 876.22 876.22 876.22 876.22 876.22 876.22 876.22 876.22 876.22 876.22 876.22 876.22 876.22 876.22 876.22 876.22 876.22 876.22 876.22 876.22 876.22 876.22 876.22 876.22 876.22 876.22 876.22 876.22 876.22 876.22 876.22 876.22 876.22 876.22 876.22 876.22 876.22 876.219 876.217 876.144 874.68 852.64 652.64 
652.649 852.649 874.689 876.153 876.226 876.229 876.229 876.229 876.229 876.229 876.229 876.229 876.229 876.229 876.229 876.229 876.229 876.229 876.229 876.229 876.229 876.229 876.229 876.229 876.229 876.229 876.229 876.229 876.229 876.229 876.229 876.229 876.229 876.229 876.229 876.229 876.229 876.229 876.229 876.229 876.229 876.229 876.229 876.229 876.229 876.226 876.153 874.689 852.649 652.649 
652.65 852.65 874.69 876.154 876.226 876.229 876.23 876.23 876.23 876.23 876.23 876.23 876.23 876.23 876.23 876.23 876.23 876.23 876.23 876.23 876.23 876.23 876.23 876.23 876.23 876.23 876.23 876.23 876.23 876.23 876.23 876.23 876.23 876.23 876.23 876.23 876.23 876.23 876.23 876.23 876.23 876.23 876.23 876.23 876.229 876.226 876.154 874.69 852.65 652.65 
652.65 852.65 874.69 876.154 876.226 876.229 876.23 876.23 876.23 876.23 876.23 876.23 876.23 876.23 876.23 876.23 876.23 876.23 876.23 876.23 876.23 876.23 876.23 876.23 876.23 876.23 876.23 876.23 876.23 876.23 876.23 876.23 876.23 876.23 876.23 876.23 876.23 876.23 876.23 876.23 876.23 876.23 876.23 876.23 876.229 876.226 876.154 874.69 852.65 652.65 
652.65 852.65 874.69 876.154 876.226 876.229 876.23 876.23 876.23 876.23 876.23 876.23 876.23 876.23 876.23 876.23 876.23 876.23 876.23 876.23 876.23 876.23 876.23 876.23 876.23 876.23 876.23 876.23 876.23 876.23 876.23 876.23 876.23 876.23 876.23 876.23 876.23 876.23 876.23 876.23 876.23 876.23 876.23 876.23 876.229 876.226 876.154 874.69 852.65 652.65 
652.65 852.65 874.69 876.154 876.226 876.229 876.23 876.23 876.23 876.23 876.23 876.23 876.23 876.23 876.23 876.23 876.23 876.23 876.23 876.23 876.23 876.23 876.23 876.23 876.23 876.23 876.23 876.23 876.23 876.23 876.23 876.23 876.23 876.23 876.23 876.23 876.23 876.23 876.23 876.23 876.23 876.23 876.23 876.23 876.229 876.226 876.154 874.69 852.65 652.65 
652.65 852.65 874.69 876.154 876.226 876.229 876.23 876.23 876.23 876.23 876.23 876.23 876.23 876.23 876.23 876.23 876.23 876.23 876.23 876.23 876.23 876.23 876.23 876.23 876.23 876.23 876.23 876.23 876.23 876.23 876.23 876.23 876.23 876.23 876.23 876.23 876.23 876.23 876.23 876.23 876.23 876.23 876.23 876.23 876.229 876.226 876.154 874.69 852.65 652.65 
652.65 852.65 874.69 876.154 876.226 876.229 876.23 876.23 876.23 876.23 876.23 876.23 876.23 876.23 876.23 876.23 876.23 876.23 876.23 876.23 876.23 876.23 876.23 876.23 876.23 876.23 876.23 876.23 876.23 876.23 876.23 876.23 876.23 876.23 876.23 876.23 876.23 876.23 876.23 876.23 876.23 876.23 876.23 876.23 876.229 876.226 876.154 874.69 852.65 652.65 
652.65 852.65 874.69 876.154 876.226 876.229 876.23 876.23 876.23 876.23 876.23 876.23 876.23 876.23 876.23 876.23 876.23 876.23 876.23 876.23 876.23 876.23 876.23 876.23 876.23 876.23 876.23 876.23 876.23 876.23 876.23 876.23 876.23 876.23 876.23 876.23 876.23 876.23 876.23 876.23 876.23 876.23 876.23 876.23 876.229 876.226 876.154 874.69 852.65 652.65 
652.65 852.65 874.69 876.154 876.226 876.229 876.23 876.23 876.23 876.23 876.23 876.23 876.23 876.23 876.23 876.23 876.23 876.23 876.23 876.23 876.23 876.23 876.23 876.23 876.23 876.23 876.23 876.23 876.23 876.23 876.23 876.23 876.23 876.23 876.23 876.23 876.23 876.23 876.23 876.23 876.23 876.23 876.23 876.23 876.229 876.226 876.154 874.69 852.65 652.65 
652.65 852.65 874.69 876.154 876.226 876.229 876.23 876.23 876.23 876.23 876.23 876.23 876.23 876.23 876.23 876.23 876.23 876.23 876.23 876.23 876.23 876.23 876.23 876.23 876.23 876.23 876.23 876.23 876.23 876.23 876.23 876.23 876.23 876.23 876.23 876.23 876.23 876.23 876.23 876.23 876.23 876.23 876.23 876.23 876.229 876.226 876.154 874.69 852.65 652.65 
652.65 852.65 874.69 876.154 876.226 876.229 876.23 876.23 876.23 876.23 876.23 876.23 876.23 876.23 876.23 876.23 876.23 876.23 876.23 876.23 876.23 876.23 876.23 876.23 876.23 876.23 876.23 876.23 876.23 876.23 876.23 876.23 876.23 876.23 876.23 876.23 876.23 876.23 876.23 876.23 876.23 876.23 876.23 876.23 876.229 876.226 876.154 874.69 852.65 652.65 
652.65 852.65 874.69 876.154 876.226 876.229 876.23 876.23 876.23 876.23 876.23 876.23 876.23 876.23 876.23 876.23 876.23 876.23 876.23 876.23 876.23 876.23 876.23 876.23 876.23 876.23 876.23 876.23 876.23 876.23 876.23 876.23 876.23 876.23 876.23 876.23 876.23 876.23 876.23 876.23 876.23 876.23 876.23 876.23 876.229 876.226 876.154 874.69 852.65 652.65 
652.65 852.65 874.69 876.154 876.226 876.229 876.23 876.23 876.23 876.23 876.23 876.23 876.23 876.23 876.23 876.23 876.23 876.23 876.23 876.23 876.23 876.23 876.23 876.23 876.23 876.23 876.23 876.23 876.23 876.23 876.23 876.23 876.23 876.23 876.23 876.23 876.23 876.23 876.23 876.23 876.23 876.23 876.23 876.23 876.229 876.226 876.154 874.69 852.65 652.65 
652.65 852.65 874.69 876.154 876.226 876.229 876.23 876.23 876.23 876.23 876.23 876.23 876.23 876.23 876.23 876.23 876.23 876.23 876.23 876.23 876.23 876.23 876.23 876.23 876.23 876.23 876.23 876.23 876.23 876.23 876.23 876.23 876.23 876.23 876.23 876.23 876.23 876.23 876.23 876.23 876.23 876.23 876.23 876.23 876.229 876.226 876.154 874.69 852.65 652.65 
652.65 852.65 874.69 876.154 876.226 876.229 876.23 876.23 876.23 876.23 876.23 876.23 876.23 876.23 876.23 876.23 876.23 876.23 876.23 876.23 876.23 876.23 876.23 876.23 876.23 876.23 876.23 876.23 876.23 876.23 876.23 876.23 876.23 876.23 876.23 876.23 876.23 876.23 876.23 876.23 876.23 876.23 876.23 876.23 876.229 876.226 876.154 874.69 852.65 652.65 
652.65 852.65 874.69 876.154 876.226 876.229 876.23 876.23 876.23 876.23 876.23 876.23 876.23 876.23 876.23 876.23 876.23 876.23 876.23 876.23 876.23 876.23 876.23 876.23 876.23 876.23 876.23 876.23 876.23 876.23 876.23 876.23 876.23 876.23 876.23 876.23 876.23 876.23 876.23 876.23 876.23 876.23 876.23 876.23 876.229 876.226 876.154 874.69 852.65 652.65 
652.65 852.65 874.69 876.154 876.226 876.229 876.23 876.23 876.23 876.23 876.23 876.23 876.23 876.23 876.23 876.23 876.23 876.23 876.23 876.23 876.23 876.23 876.23 876.23 876.23 876.23 876.23 876.23 876.23 876.23 876.23 876.23 876.23 876.23 876.23 876.23 876.23 876.23 876.23 876.23 876.23 876.23 876.23 876.23 876.229 876.226 876.154 874.69 852.65 652.65 
652.65 852.65 874.69 876.154 876.226 876.229 876.23 876.23 876.23 876.23 876.23 876.23 876.23 876.23 876.23 876.23 876.23 876.23 876.23 876.23 876.23 876.23 876.23 876.23 876.23 876.23 876.23 876.23 876.23 876.23 876.23 876.23 876.23 876.23 876.23 876.23 876.23 876.23 876.23 876.23 876.23 876.23 876.23 876.23 876.229 876.226 876.154 874.69 852.65 652.65 
652.65 852.65 874.69 876.154 876.226 876.229 876.23 876.23 876.23 876.23 876.23 876.23 876.23 876.23 876.23 876.23 876.23 876.23 876.23 876.23 876.23 876.23 876.23 876.23 876.23 876.23 876.23 876.23 876.23 876.23 876.23 876.23 876.23 876.23 876.23 876.23 876.23 876.23 876.23 876.23 876.23 876.23 876.23 876.23 876.229 876.226 876.154 874.69 852.65 652.65 
652.65 852.65 874.69 876.154 876.226 876.229 876.23 876.23 876.23 876.23 876.23 876.23 876.23 876.23 876.23 876.23 876.23 876.23 876.23 876.23 876.23 876.23 876.23 876.23 876.23 876.23 876.23 876.23 876.23 876.23 876.23 876.23 876.23 876.23 876.23 876.23 876.23 876.23 876.23 876.23 876.23 876.23 876.23 876.23 876.229 876.226 876.154 874.69 852.65 652.65 
652.65 852.65 874.69 876.154 876.226 876.229 876.23 876.23 876.23 876.23 876.23 876.23 876.23 876.23 876.23 876.23 876.23 876.23 876.23 876.23 876.23 876.23 876.23 876.23 876.23 876.23 876.23 876.23 876.23 876.23 876.23 876.23 876.23 876.23 876.23 876.23 876.23 876.23 876.23 876.23 876.23 876.23 876.23 876.23 876.229 876.226 876.154 874.69 852.65 652.65 
652.65 852.65 874.69 876.154 876.226 876.229 876.23 876.23 876.23 876.23 876.23 876.23 876.23 876.23 876.23 876.23 876.23 876.23 876.23 876.23 876.23 876.23 876.23 876.23 876.23 876.23 876.23 876.23 876.23 876.23 876.23 876.23 876.23 876.23 876.23 876.23 876.23 876.23 876.23 876.23 876.23 876.23 876.23 876.23 876.229 876.226 876.154 874.69 852.65 652.65 
652.65 852.65 874.69 876.154 876.226 876.229 876.23 876.23 876.23 876.23 876.23 876.23 876.23 876.23 876.23 876.23 876.23 876.23 876.23 876.23 876.23 876.23 876.23 876.23 876.23 876.23 876.23 876.23 876.23 876.23 876.23 876.23 876.23 876.23 876.23 876.23 876.23 876.23 876.23 876.23 876.23 876.23 876.23 876.23 876.229 876.226 876.154 874.69 852.65 652.65 
652.65 852.65 874.69 876.154 876.226 876.229 876.23 876.23 876.23 876.23 876.23 876.23 876.23 876.23 876.23 876.23 876.23 876.23 876.23 876.23 876.23 876.23 876.23 876.23 876.23 876.23 876.23 876.23 876.23 876.23 876.23 876.23 876.23 876.23 876.23 876.23 876.23 876.23 876.23 876.23 876.23 876.23 876.23 876.23 876.229 876.226 876.154 874.69 852.65 652.65 
652.65 852.65 874.69 876.154 876.226 876.229 876.23 876.23 876.23 876.23 876.23 876.23 876.23 876.23 876.23 876.23 876.23 876.23 876.23 876.23 876.23 876.23 876.23 876.23 876.23 876.23 876.23 876.23 876.23 876.23 876.23 876.23 876.23 876.23 876.23 876.23 876.23 876.23 876.23 876.23 876.23 876.23 876.23 876.23 876.229 876.226 876.154 874.69 852.65 652.65 
652.65 852.65 874.69 876.154 876.226 876.229 876.23 876.23 876.23 876.23 876.23 876.23 876.23 876.23 876.23 876.23 876.23 876.23 876.23 876.23 876.23 876.23 876.23 876.23 876.23 876.23 876.23 876.23 876.23 876.23 876.23 876.23 876.23 876.23 876.23 876.23 876.23 876.23 876.23 876.23 876.23 876.23 876.23 876.23 876.229 876.226 876.154 874.69 852.65 652.65 
652.65 852.65 874.69 876.154 876.226 876.229 876.23 876.23 876.23 876.23 876.23 876.23 876.23 876.23 876.23 876.23 876.23 876.23 876.23 876.23 876.23 876.23 876.23 876.23 876.23 876.23 876.23 876.23 876.23 876.23 876.23 876.23 876.23 876.23 876.23 876.23 876.23 876.23 876.23 876.23 876.23 876.23 876.23 876.23 876.229 876.226 876.154 874.69 852.65 652.65 
652.65 852.65 874.69 876.154 876.226 876.229 876.23 876.23 876.23 876.23 876.23 876.23 876.23 876.23 876.23 876.23 876.23 876.23 876.23 876.23 876.23 876.23 876.23 876.23 876.23 876.23 876.23 876.23 876.23 876.23 876.23 876.23 876.23 876.23 876.23 876.23 876.23 876.23 876.23 876.23 876.23 876.23 876.23 876.23 876.229 876.226 876.154 874.69 852.65 652.65 
652.65 852.65 874.69 876.154 876.226 876.229 876.23 876.23 876.23 876.23 876.23 876.23 876.23 876.23 876.23 876.23 876.23 876.23 876.23 876.23 876.23 876.23 876.23 876.23 876.23 876.23 876.23 876.23 876.23 876.23 876.23 876.23 876.23 876.23 876.23 876.23 876.23 876.23 876.23 876.23 876.23 876.23 876.23 876.23 876.229 876.226 876.154 874.69 852.65 652.65 
652.65 852.65 874.69 876.154 876.226 876.229 876.23 876.23 876.23 876.23 876.23 876.23 876.23 876.23 876.23 876.23 876.23 876.23 876.23 876.23 876.23 876.23 876.23 876.23 876.23 876.23 876.23 876.23 876.23 876.23 876.23 876.23 876.23 876.23 876.23 876.23 876.23 876.23 876.23 876.23 876.23 876.23 876.23 876.23 876.229 876.226 876.154 874.69 852.65 652.65 
652.65 852.65 874.69 876.154 876.226 876.229 876.23 876.23 876.23 876.23 876.23 876.23 876.23 876.23 876.23 876.23 876.23 876.23 876.23 876.23 876.23 876.23 876.23 876.23 876.23 876.23 876.23 876.23 876.23 876.23 876.23 876.23 876.23 876.23 876.23 876.23 876.23 876.23 876.23 876.23 876.23 876.23 876.23 876.23 876.229 876.226 876.154 874.69 852.65 652.65 
652.65 852.65 874.69 876.154 876.226 876.229 876.23 876.23 876.23 876.23 876.23 876.23 876.23 876.23 876.23 876.23 876.23 876.23 876.23 876.23 876.23 876.23 876.23 876.23 876.23 876.23 876.23 876.23 876.23 876.23 876.23 876.23 876.23 876.23 876.23 876.23 876.23 876.23 876.23 876.23 876.23 876.23 876.23 876.23 876.229 876.226 876.154 874.69 852.65 652.65 
652.65 852.65 874.69 876.154 876.226 876.229 876.23 876.23 876.23 876.23 876.23 876.23 876.23 876.23 876.23 876.23 876.23 876.23 876.23 876.23 876.23 876.23 876.23 876.23 876.23 876.23 876.23 876.23 876.23 876.23 876.23 876.23 876.23 876.23 876.23 876.23 876.23 876.23 876.23 876.23 876.23 876.23 876.23 876.23 876.229 876.226 876.154 874.69 852.65 652.65 
652.65 852.65 874.69 876.154 876.226 876.229 876.23 876.23 876.23 876.23 876.23 876.23 876.23 876.23 876.23 876.23 876.23 876.23 876.23 876.23 876.23 876.23 876.23 876.23 876.23 876.23 876.23 876.23 876.23 876.23 876.23 876.23 876.23 876.23 876.23 876.23 876.23 876.23 876.23 876.23 876.23 876.23 876.23 876.23 876.229 876.226 876.154 874.69 852.65 652.65 
652.65 852.65 874.69 876.154 876.226 876.229 876.23 876.23 876.23 876.23 876.23 876.23 876.23 876.23 876.23 876.23 876.23 876.23 876.23 876.23 876.23 876.23 876.23 876.23 876.23 876.23 876.23 876.23 876.23 876.23 876.23 876.23 876.23 876.23 876.23 876.23 876.23 876.23 876.23 876.23 876.23 876.23 876.23 876.23 876.229 876.226 876.154 874.69 852.65 652.65 
652.65 852.65 874.69 876.154 876.226 876.229 876.23 876.23 876.23 876.23 876.23 876.23 876.23 876.23 876.23 876.23 876.23 876.23 876.23 876.23 876.23 876.23 876.23 876.23 876.23 876.23 876.23 876.23 876.23 876.23 876.23 876.23 876.23 876.23 876.23 876.23 876.23 876.23 876.23 876.23 876.23 876.23 876.23 876.23 876.229 876.226 876.154 874.69 852.65 652.65 
652.65 852.65 874.69 876.154 876.226 876.229 876.23 876.23 876.23 876.23 876.23 876.23 876.23 876.23 876.23 876.23 876.23 876.23 876.23 876.23 876.23 876.23 876.23 876.23 876.23 876.23 876.23 876.23 876.23 876.23 876.23 876.23 876.23 876.23 876.23 876.23 876.23 876.23 876.23 876.23 876.23 876.23 876.23 876.23 876.229 876.226 876.154 874.69 852.65 652.65 
652.65 852.65 874.69 876.154 876.226 876.229 876.23 876.23 876.23 876.23 876.23 876.23 876.23 876.23 876.23 876.23 876.23 876.23 876.23 876.23 876.23 876.23 876.23 876.23 876.23 876.23 876.23 876.23 876.23 876.23 876.23 876.23 876.23 876.23 876.23 876.23 876.23 876.23 876.23 876.23 876.23 876.23 876.23 876.23 876.229 876.226 876.154 874.69 852.65 652.65 
652.65 852.65 874.69 876.154 876.226 876.229 876.23 876.23 876.23 876.23 876.23 876.23 876.23 876.23 876.23 876.23 876.23 876.23 876.23 876.23 876.23 876.23 876.23 876.23 876.23 876.23 876.23 876.23 876.23 876.23 876.23 876.23 876.23 876.23 876.23 876.23 876.23 876.23 876.23 876.23 876.23 876.23 876.23 876.23 876.229 876.226 876.154 874.69 852.65 652.65 
652.65 852.65 874.69 876.154 876.226 876.229 876.23 876.23 876.23 876.23 876.23 876.23 876.23 876.23 876.23 876.23 876.23 876.23 876.23 876.23 876.23 876.23 876.23 876.23 876.23 876.23 876.23 876.23 876.23 876.23 876.23 876.23 876.23 876.23 876.23 876.23 876.23 876.23 876.23 876.23 876.23 876.23 876.23 876.23 876.229 876.226 876.154 874.69 852.65 652.65 
652.65 852.65 874.69 876.154 876.226 876.229 876.23 876.23 876.23 876.23 876.23 876.23 876.23 876.23 876.23 876.23 876.23 876.23 876.23 876.23 876.23 876.23 876.23 876.23 876.23 876.23 876.23 876.23 876.23 876.23 876.23 876.23 876.23 876.23 876.23 876.23 876.23 876.23 876.23 876.23 876.23 876.23 876.23 876.23 876.229 876.226 876.154 874.69 852.65 652.65 
652.65 852.65 874.69 876.154 876.226 876.229 876.23 876.23 876.23 876.23 876.23 876.23 876.23 876.23 876.23 876.23 876.23 876.23 876.23 876.23 876.23 876.23 876.23 876.23 876.23 876.23 876.23 876.23 876.23 876.23 876.23 876.23 876.23 876.23 876.23 876.23 876.23 876.23 876.23 876.23 876.23 876.23 876.23 876.23 876.229 876.226 876.154 874.69 852.65 652.65 
652.65 852.65 874.69 876.154 876.226 876.229 876.23 876.23 876.23 876.23 876.23 876.23 876.23 876.23 876.23 876.23 876.23 876.23 876.23 876.23 876.23 876.23 876.23 876.23 876.23 876.23 876.23 876.23 876.23 876.23 876.23 876.23 876.23 876.23 876.23 876.23 876.23 876.23 876.23 876.23 876.23 876.23 876.23 876.23 876.229 876.226 876.154 874.69 852.65 652.65 
652.65 852.65 874.69 876.154 876.226 876.229 876.23 876.23 876.23 876.23 876.23 876.23 876.23 876.23 876.23 876.23 876.23 876.23 876.23 876.23 876.23 876.23 876.23 876.23 876.23 876.23 876.23 876.23 876.23 876.23 876.23 876.23 876.23 876.23 876.23 876.23 876.23 876.23 876.23 876.23 876.23 876.23 876.23 876.23 876.229 876.226 876.154 874.69 852.65 652.65 
652.65 852.65 874.69 876.154 876.226 876.229 876.23 876.23 876.23 876.23 876.23 876.23 876.23 876.23 876.23 876.23 876.23 876.23 876.23 876.23 876.23 876.23 876.23 876.23 876.23 876.23 876.23 876.23 876.23 876.23 876.23 876.23 876.23 876.23 876.23 876.23 876.23 876.23 876.23 876.23 876.23 876.23 876.23 876.23 876.229 876.226 876.154 874.69 852.65 652.65 
652.65 852.65 874.69 876.154 876.226 876.229 876.23 876.23 876.23 876.23 876.23 876.23 876.23 876.23 876.23 876.23 876.23 876.23 876.23 876.23 876.23 876.23 876.23 876.23 876.23 876.23 876.23 876.23 876.23 876.23 876.23 876.23 876.23 876.23 876.23 876.23 876.23 876.23 876.23 876.23 876.23 876.23 876.23 876.23 876.229 876.226 876.154 874.69 852.65 652.65 
652.65 852.65 874.69 876.154 876.226 876.229 876.23 876.23 876.23 876.23 876.23 876.23 876.23 876.23 876.23 876.23 876.23 876.23 876.23 876.23 876.23 876.23 876.23 876.23 876.23 876.23 876.23 876.23 876.23 876.23 876.23 876.23 876.23 876.23 876.23 876.23 876.23 876.23 876.23 876.23 876.23 876.23 876.23 876.23 876.229 876.226 876.154 874.69 852.65 652.65 
652.65 852.65 874.69 876.154 876.226 876.229 876.23 876.23 876.23 876.23 876.23 876.23 876.23 876.23 876.23 876.23 876.23 876.23 876.23 876.23 876.23 876.23 876.23 876.23 876.23 876.23 876.23 876.23 876.23 876.23 876.23 876.23 876.23 876.23 876.23 876.23 876.23 876.23 876.23 876.23 876.23 876.23 876.23 876.23 876.229 876.226 876.154 874.69 852.65 652.65 
652.65 852.65 874.69 876.154 876.226 876.229 876.23 876.23 876.23 876.23 876.23 876.23 876.23 876.23 876.23 876.23 876.23 876.23 876.23 876.23 876.23 876.23 876.23 876.23 876.23 876.23 876.23 876.23 876.23 876.23 876.23 876.23 876.23 876.23 876.23 876.23 876.23 876.23 876.23 876.23 876.23 876.23 876.23 876.23 876.229 876.226 876.154 874.69 852.65 652.65 
652.65 852.65 874.69 876.154 876.226 876.229 876.23 876.23 876.23 876.23 876.23 876.23 876.23 876.23 876.23 876.23 876.23 876.23 876.23 876.23 876.23 876.23 876.23 876.23 876.23 876.23 876.23 876.23 876.23 876.23 876.23 876.23 876.23 876.23 876.23 876.23 876.23 876.23 876.23 876.23 876.23 876.23 876.23 876.23 876.229 876.226 876.154 874.69 852.65 652.65 
652.65 852.65 874.69 876.154 876.226 876.229 876.23 876.23 876.23 876.23 876.23 876.23 876.23 876.23 876.23 876.23 876.23 876.23 876.23 876.23 876.23 876.23 876.23 876.23 876.23 876.23 876.23 876.23 876.23 876.23 876.23 876.23 876.23 876.23 876.23 876.23 876.23 876.23 876.23 876.23 876.23 876.23 876.23 876.23 876.229 876.226 876.154 874.69 852.65 652.65 
652.65 852.65 874.69 876.154 876.226 876.229 876.23 876.23 876.23 876.23 876.23 876.23 876.23 876.23 876.23 876.23 876.23 876.23 876.23 876.23 876.23 876.23 876.23 876.23 876.23 876.23 876.23 876.23 876.23 876.23 876.23 876.23 876.23 876.23 876.23 876.23 876.23 876.23 876.23 876.23 876.23 876.23 876.23 876.23 876.229 876.226 876.154 874.69 852.65 652.65 
652.65 852.65 874.69 876.154 876.226 876.229 876.23 876.23 876.23 876.23 876.23 876.23 876.23 876.23 876.23 876.23 876.23 876.23 876.23 876.23 876.23 876.23 876.23 876.23 876.23 876.23 876.23 876.23 876.23 876.23 876.23 876.23 876.23 876.23 876.23 876.23 876.23 876.23 876.23 876.23 876.23 876.23 876.23 876.23 876.229 876.226 876.154 874.69 852.65 652.65 
652.65 852.65 874.69 876.154 876.226 876.229 876.23 876.23 876.23 876.23 876.23 876.23 876.23 876.23 876.23 876.23 876.23 876.23 876.23 876.23 876.23 876.23 876.23 876.23 876.23 876.23 876.23 876.23 876.23 876.23 876.23 876.23 876.23 876.23 876.23 876.23 876.23 876.23 876.23 876.23 876.23 876.23 876.23 876.23 876.229 876.226 876.154 874.69 852.65 652.65 
652.65 852.65 874.69 876.154 876.226 876.229 876.23 876.23 876.23 876.23 876.23 876.23 876.23 876.23 876.23 876.23 876.23 876.23 876.23 876.23 876.23 876.23 876.23 876.23 876.23 876.23 876.23 876.23 876.23 876.23 876.23 876.23 876.23 876.23 876.23 876.23 876.23 876.23 876.23 876.23 876.23 876.23 876.23 876.23 876.229 876.226 876.154 874.69 852.65 652.65 
652.65 852.65 874.69 876.154 876.226 876.229 876.23 876.23 876.23 876.23 876.23 876.23 876.23 876.23 876.23 876.23 876.23 876.23 876.23 876.23 876.23 876.23 876.23 876.23 876.23 876.23 876.23 876.23 876.23 876.23 876.23 876.23 876.23 876.23 876.23 876.23 876.23 876.23 876.23 876.23 876.23 876.23 876.23 876.23 876.229 876.226 876.154 874.69 852.65 652.65 
652.65 852.65 874.69 876.154 876.226 876.229 876.23 876.23 876.23 876.23 876.23 876.23 876.23 876.23 876.23 876.23 876.23 876.23 876.23 876.23 876.23 876.23 876.23 876.23 876.23 876.23 876.23 876.23 876.23 876.23 876.23 876.23 876.23 876.23 876.23 876.23 876.23 876.23 876.23 876.23 876.23 876.23 876.23 876.23 876.229 876.226 876.154 874.69 852.65 652.65 
652.65 852.65 874.69 876.154 876.226 876.229 876.23 876.23 876.23 876.23 876.23 876.23 876.23 876.23 876.23 876.23 876.23 876.23 876.23 876.23 876.23 876.23 876.23 876.23 876.23 876.23 876.23 876.23 876.23 876.23 876.23 876.23 876.23 876.23 876.23 876.23 876.23 876.23 876.23 876.23 876.23 876.23 876.23 876.23 876.229 876.226 876.154 874.69 852.65 652.65 
652.65 852.65 874.69 876.154 876.226 876.229 876.23 876.23 876.23 876.23 876.23 876.23 876.23 876.23 876.23 876.23 876.23 876.23 876.23 876.23 876.23 876.23 876.23 876.23 876.23 876.23 876.23 876.23 876.23 876.23 876.23 876.23 876.23 876.23 876.23 876.23 876.23 876.23 876.23 876.23 876.23 876.23 876.23 876.23 876.229 876.226 876.154 874.69 852.65 652.65 
652.65 852.65 874.69 876.154 876.226 876.229 876.23 876.23 876.23 876.23 876.23 876.23 876.23 876.23 876.23 876.23 876.23 876.23 876.23 876.23 876.23 876.23 876.23 876.23 876.23 876.23 876.23 876.23 876.23 876.23 876.23 876.23 876.23 876.23 876.23 876.23 876.23 876.23 876.23 876.23 876.23 876.23 876.23 876.23 876.229 876.226 876.154 874.69 852.65 652.65 
652.65 852.65 874.69 876.154 876.226 876.229 876.23 876.23 876.23 876.23 876.23 876.23 876.23 876.23 876.23 876.23 876.23 876.23 876.23 876.23 876.23 876.23 876.23 876.23 876.23 876.23 876.23 876.23 876.23 876.23 876.23 876.23 876.23 876.23 876.23 876.23 876.23 876.23 876.23 876.23 876.23 876.23 876.23 876.23 876.229 876.226 876.154 874.69 852.65 652.65 
652.65 852.65 874.69 876.154 876.226 876.229 876.23 876.23 876.23 876.23 876.23 876.23 876.23 876.23 876.23 876.23 876.23 876.23 876.23 876.23 876.23 876.23 876.23 876.23 876.23 876.23 876.23 876.23 876.23 876.23 876.23 876.23 876.23 876.23 876.23 876.23 876.23 876.23 876.23 876.23 876.23 876.23 876.23 876.23 876.229 876.226 876.154 874.69 852.65 652.65 
652.65 852.65 874.69 876.154 876.226 876.229 876.23 876.23 876.23 876.23 876.23 876.23 876.23 876.23 876.23 876.23 876.23 876.23 876.23 876.23 876.23 876.23 876.23 876.23 876.23 876.23 876.23 876.23 876.23 876.23 876.23 876.23 876.23 876.23 876.23 876.23 876.23 876.23 876.23 876.23 876.23 876.23 876.23 876.23 876.229 876.226 876.154 874.69 852.65 652.65 
652.65 852.65 874.69 876.154 876.226 876.229 876.23 876.23 876.23 876.23 876.23 876.23 876.23 876.23 876.23 876.23 876.23 876.23 876.23 876.23 876.23 876.23 876.23 876.23 876.23 876.23 876.23 876.23 876.23 876.23 876.23 876.23 876.23 876.23 876.23 876.23 876.23 876.23 876.23 876.23 876.23 876.23 876.23 876.23 876.229 876.226 876.154 874.69 852.65 652.65 
652.65 852.65 874.69 876.154 876.226 876.229 876.23 876.23 876.23 876.23 876.23 876.23 876.23 876.23 876.23 876.23 876.23 876.23 876.23 876.23 876.23 876.23 876.23 876.23 876.23 876.23 876.23 876.23 876.23 876.23 876.23 876.23 876.23 876.23 876.23 876.23 876.23 876.23 876.23 876.23 876.23 876.23 876.23 876.23 876.229 876.226 876.154 874.69 852.65 652.65 
652.65 852.65 874.69 876.154 876.226 876.229 876.23 876.23 876.23 876.23 876.23 876.23 876.23 876.23 876.23 876.23 876.23 876.23 876.23 876.23 876.23 876.23 876.23 876.23 876.23 876.23 876.23 876.23 876.23 876.23 876.23 876.23 876.23 876.23 876.23 876.23 876.23 876.23 876.23 876.23 876.23 876.23 876.23 876.23 876.229 876.226 876.154 874.69 852.65 652.65 
652.65 852.65 874.69 876.154 876.226 876.229 876.23 876.23 876.23 876.23 876.23 876.23 876.23 876.23 876.23 876.23 876.23 876.23 876.23 876.23 876.23 876.23 876.23 876.23 876.23 876.23 876.23 876.23 876.23 876.23 876.23 876.23 876.23 876.23 876.23 876.23 876.23 876.23 876.23 876.23 876.23 876.23 876.23 876.23 876.229 876.226 876.154 874.69 852.65 652.65 
652.65 852.65 874.69 876.154 876.226 876.229 876.23 876.23 876.23 876.23 876.23 876.23 876.23 876.23 876.23 876.23 876.23 876.23 876.23 876.23 876.23 876.23 876.23 876.23 876.23 876.23 876.23 876.23 876.23 876.23 876.23 876.23 876.23 876.23 876.23 876.23 876.23 876.23 876.23 876.23 876.23 876.23 876.23 876.23 876.229 876.226 876.154 874.69 852.65 652.65 
652.65 852.65 874.69 876.154 876.226 876.229 876.23 876.23 876.23 876.23 876.23 876.23 876.23 876.23 876.23 876.23 876.23 876.23 876.23 876.23 876.23 876.23 876.23 876.23 876.23 876.23 876.23 876.23 876.23 876.23 876.23 876.23 876.23 876.23 876.23 876.23 876.23 876.23 876.23 876.23 876.23 876.23 876.23 876.23 876.229 876.226 876.154 874.69 852.65 652.65 
652.65 852.65 874.69 876.154 876.226 876.229 876.23 876.23 876.23 876.23 876.23 876.23 876.23 876.23 876.23 876.23 876.23 876.23 876.23 876.23 876.23 876.23 876.23 876.23 876.23 876.23 876.23 876.23 876.23 876.23 876.23 876.23 876.23 876.23 876.23 876.23 876.23 876.23 876.23 876.23 876.23 876.23 876.23 876.23 876.229 876.226 876.154 874.69 852.65 652.65 
652.65 852.65 874.69 876.154 876.226 876.229 876.23 876.23 876.23 876.23 876.23 876.23 876.23 876.23 876.23 876.23 876.23 876.23 876.23 876.23 876.23 876.23 876.23 876.23 876.23 876.23 876.23 876.23 876.23 876.23 876.23 876.23 876.23 876.23 876.23 876.23 876.23 876.23 876.23 876.23 876.23 876.23 876.23 876.23 876.229 876.226 876.154 874.69 852.65 652.65 
652.65 852.65 874.69 876.154 876.226 876.229 876.23 876.23 876.23 876.23 876.23 876.23 876.23 876.23 876.23 876.23 876.23 876.23 876.23 876.23 876.23 876.23 876.23 876.23 876.23 876.23 876.23 876.23 876.23 876.23 876.23 876.23 876.23 876.23 876.23 876.23 876.23 876.23 876.23 876.23 876.23 876.23 876.23 876.23 876.229 876.226 876.154 874.69 852.65 652.65 
652.65 852.65 874.69 876.154 876.226 876.229 876.23 876.23 876.23 876.23 876.23 876.23 876.23 876.23 876.23 876.23 876.23 876.23 876.23 876.23 876.23 876.23 876.23 876.23 876.23 876.23 876.23 876.23 876.23 876.23 876.23 876.23 876.23 876.23 876.23 876.23 876.23 876.23 876.23 876.23 876.23 876.23 876.23 876.23 876.229 876.226 876.154 874.69 852.65 652.65 
652.65 852.65 874.69 876.154 876.226 876.229 876.23 876.23 876.23 876.23 876.23 876.23 876.23 876.23 876.23 876.23 876.23 876.23 876.23 876.23 876.23 876.23 876.23 876.23 876.23 876.23 876.23 876.23 876.23 876.23 876.23 876.23 876.23 876.23 876.23 876.23 876.23 876.23 876.23 876.23 876.23 876.23 876.23 876.23 876.229 876.226 876.154 874.69 852.65 652.65 
652.65 852.65 874.69 876.154 876.226 876.229 876.23 876.23 876.23 876.23 876.23 876.23 876.23 876.23 876.23 876.23 876.23 876.23 876.23 876.23 876.23 876.23 876.23 876.23 876.23 876.23 876.23 876.23 876.23 876.23 876.23 876.23 876.23 876.23 876.23 876.23 876.23 876.23 876.23 876.23 876.23 876.23 876.23 876.23 876.229 876.226 876.154 874.69 852.65 652.65 
652.65 852.65 874.69 876.154 876.226 876.229 876.23 876.23 876.23 876.23 876.23 876.23 876.23 876.23 876.23 876.23 876.23 876.23 876.23 876.23 876.23 876.23 876.23 876.23 876.23 876.23 876.23 876.23 876.23 876.23 876.23 876.23 876.23 876.23 876.23 876.23 876.23 876.23 876.23 876.23 876.23 876.23 876.23 876.23 876.229 876.226 876.154 874.69 852.65 652.65 
652.65 852.65 874.69 876.154 876.226 876.229 876.23 876.23 876.23 876.23 876.23 876.23 876.23 876.23 876.23 876.23 876.23 876.23 876.23 876.23 876.23 876.23 876.23 876.23 876.23 876.23 876.23 876.23 876.23 876.23 876.23 876.23 876.23 876.23 876.23 876.23 876.23 876.23 876.23 876.23 876.23 876.23 876.23 876.23 876.229 876.226 876.154 874.69 852.65 652.65 
652.65 852.65 874.69 876.154 876.226 876.229 876.23 876.23 876.23 876.23 876.23 876.23 876.23 876.23 876.23 876.23 876.23 876.23 876.23 876.23 876.23 876.23 876.23 876.23 876.23 876.23 876.23 876.23 876.23 876.23 876.23 876.23 876.23 876.23 876.23 876.23 876.23 876.23 876.23 876.23 876.23 876.23 876.23 876.23 876.229 876.226 876.154 874.69 852.65 652.65 
652.65 852.65 874.69 876.154 876.226 876.229 876.23 876.23 876.23 876.23 876.23 876.23 876.23 876.23 876.23 876.23 876.23 876.23 876.23 876.23 876.23 876.23 876.23 876.23 876.23 876.23 876.23 876.23 876.23 876.23 876.23 876.23 876.23 876.23 876.23 876.23 876.23 876.23 876.23 876.23 876.23 876.23 876.23 876.23 876.229 876.226 876.154 874.69 852.65 652.65 
652.65 852.65 874.69 876.154 876.226 876.229 876.23 876.23 876.23 876.23 876.23 876.23 876.23 876.23 876.23 876.23 876.23 876.23 876.23 876.23 876.23 876.23 876.23 876.23 876.23 876.23 876.23 876.23 876.23 876.23 876.23 876.23 876.23 876.23 876.23 876.23 876.23 876.23 876.23 876.23 876.23 876.23 876.23 876.23 876.229 876.226 876.154 874.69 852.65 652.65 
652.65 852.65 874.69 876.154 876.226 876.229 876.23 876.23 876.23 876.23 876.23 876.23 876.23 876.23 876.23 876.23 876.23 876.23 876.23 876.23 876.23 876.23 876.23 876.23 876.23 876.23 876.23 876.23 876.23 876.23 876.23 876.23 876.23 876.23 876.23 876.23 876.23 876.23 876.23 876.23 876.23 876.23 876.23 876.23 876.229 876.226 876.154 874.69 852.65 652.65 
652.65 852.65 874.69 876.154 876.226 876.229 876.23 876.23 876.23 876.23 876.23 876.23 876.23 876.23 876.23 876.23 876.23 876.23 876.23 876.23 876.23 876.23 876.23 876.23 876.23 876.23 876.23 876.23 876.23 876.23 876.23 876.23 876.23 876.23 876.23 876.23 876.23 876.23 876.23 876.23 876.23 876.23 876.23 876.23 876.229 876.226 876.154 874.69 852.65 652.65 
652.65 852.65 874.69 876.154 876.226 876.229 876.23 876.23 876.23 876.23 876.23 876.23 876.23 876.23 876.23 876.23 876.23 876.23 876.23 876.23 876.23 876.23 876.23 876.23 876.23 876.23 876.23 876.23 876.23 876.23 876.23 876.23 876.23 876.23 876.23 876.23 876.23 876.23 876.23 876.23 876.23 876.23 876.23 876.23 876.229 876.226 876.154 874.69 852.65 652.65 
652.65 852.65 874.69 876.154 876.226 876.229 876.23 876.23 876.23 876.23 876.23 876.23 876.23 876.23 876.23 876.23 876.23 876.23 876.23 876.23 876.23 876.23 876.23 876.23 876.23 876.23 876.23 876.23 876.23 876.23 876.23 876.23 876.23 876.23 876.23 876.23 876.23 876.23 876.23 876.23 876.23 876.23 876.23 876.23 876.229 876.226 876.154 874.69 852.65 652.65 
652.65 852.65 874.69 876.154 876.226 876.229 876.23 876.23 876.23 876.23 876.23 876.23 876.23 876.23 876.23 876.23 876.23 876.23 876.23 876.23 876.23 876.23 876.23 876.23 876.23 876.23 876.23 876.23 876.23 876.23 876.23 876.23 876.23 876.23 876.23 876.23 876.23 876.23 876.23 876.23 876.23 876.23 876.23 876.23 876.229 876.226 876.154 874.69 852.65 652.65 
652.65 852.65 874.69 876.154 876.226 876.229 876.23 876.23 876.23 876.23 876.23 876.23 876.23 876.23 876.23 876.23 876.23 876.23 876.23 876.23 876.23 876.23 876.23 876.23 876.23 876.23 876.23 876.23 876.23 876.23 876.23 876.23 876.23 876.23 876.23 876.23 876.23 876.23 876.23 876.23 876.23 876.23 876.23 876.23 876.229 876.226 876.154 874.69 852.65 652.65 
652.65 852.65 874.69 876.154 876.226 876.229 876.23 876.23 876.23 876.23 876.23 876.23 876.23 876.23 876.23 876.23 876.23 876.23 876.23 876.23 876.23 876.23 876.23 876.23 876.23 876.23 876.23 876.23 876.23 876.23 876.23 876.23 876.23 876.23 876.23 876.23 876.23 876.23 876.23 876.23 876.23 876.23 876.23 876.23 876.229 876.226 876.154 874.69 852.65 652.65 
652.65 852.65 874.69 876.154 876.226 876.229 876.23 876.23 876.23 876.23 876.23 876.23 876.23 876.23 876.23 876.23 876.23 876.23 876.23 876.23 876.23 876.23 876.23 876.23 876.23 876.23 876.23 876.23 876.23 876.23 876.23 876.23 876.23 876.23 876.23 876.23 876.23 876.23 876.23 876.23 876.23 876.23 876.23 876.23 876.229 876.226 876.154 874.69 852.65 652.65 
652.65 852.65 874.69 876.154 876.226 876.229 876.23 876.23 876.23 876.23 876.23 876.23 876.23 876.23 876.23 876.23 876.23 876.23 876.23 876.23 876.23 876.23 876.23 876.23 876.23 876.23 876.23 876.23 876.23 876.23 876.23 876.23 876.23 876.23 876.23 876.23 876.23 876.23 876.23 876.23 876.23 876.23 876.23 876.23 876.229 876.226 876.154 874.69 852.65 652.65 
652.649 852.649 874.689 876.153 876.226 876.229 876.229 876.229 876.229 876.229 876.229 876.229 876.229 876.229 876.229 876.229 876.229 876.229 876.229 876.229 876.229 876.229 876.229 876.229 876.229 876.229 876.229 876.229 876.229 876.229 876.229 876.229 876.229 876.229 876.229 876.229 876.229 876.229 876.229 876.229 876.229 876.229 876.229 876.229 876.229 876.226 876.153 874.689 852.649 652.649 
652.64 852.64 874.68 876.144 876.217 876.219 876.22 876.22 876.22 876.22 876.22 876.22 876.22 876.22 876.22 876.22 876.22 876.22 876.22 876.22 876.22 876.22 876.22 876.22 876.22 876.22 876.22 876.22 876.22 876.22 876.22 876.22 876.22 876.22 876.22 876.22 876.22 876.22 876.22 876.22 876.22 876.22 876.22 876.22 876.219 876.217 876.144 874.68 852.64 652.64 
652.477 852.477 874.517 875.981 876.054 876.057 876.057 876.057 876.057 876.057 876.057 876.057 876.057 876.057 876.057 876.057 876.057 876.057 876.057 876.057 876.057 876.057 876.057 876.057 876.057 876.057 876.057 876.057 876.057 876.057 876.057 876.057 876.057 876.057 876.057 876.057 876.057 876.057 876.057 876.057 876.057 876.057 876.057 876.057 876.057 876.054 875.981 874.517 852.477 652.477 
650.156 850.156 872.196 873.66 873.733 873.736 873.736 873.736 873.736 873.736 873.736 873.736 873.736 873.736 873.736 873.736 873.736 873.736 873.736 873.736 873.736 873.736 873.736 873.736 873.736 873.736 873.736 873.736 873.736 873.736 873.736 873.736 873.736 873.736 873.736 873.736 873.736 873.736 873.736 873.736 873.736 873.736 873.736 873.736 873.736 873.733 873.66 872.196 850.156 650.156 
625.228 825.228 847.268 848.732 848.804 848.807 848.807 848.807 848.807 848.807 848.807 848.807 848.807 848.807 848.807 848.807 848.807 848.807 848.807 848.807 848.807 848.807 848.807 848.807 848.807 848.807 848.807 848.807 848.807 848.807 848.807 848.807 848.807 848.807 848.807 848.807 848.807 848.807 848.807 848.807 848.807 848.807 848.807 848.807 848.807 848.804 848.732 847.268 825.228 625.228 
458.672 658.672 680.711 682.175 682.248 682.251 682.251 682.251 682.251 682.251 682.251 682.251 682.251 682.251 682.251 682.251 682.251 682.251 682.251 682.251 682.251 682.251 682.251 682.251 682.251 682.251 682.251 682.251 682.251 682.251 682.251 682.251 682.251 682.251 682.251 682.251 682.251 682.251 682.251 682.251 682.251 682.251 682.251 682.251 682.251 682.248 682.175 680.711 658.672 458.672 
